       10.000000    0.0019601603
       10.250000    0.0021636336
       10.500000    0.0023825495
       10.750000    0.0026176702
       11.000000    0.0028697758
       11.250000    0.0031396648
       11.500000    0.0034281542
       11.750000    0.0037360790
       12.000000    0.0040642928
       12.250000    0.0044136671
       12.500000    0.0047850920
       12.750000    0.0051794756
       13.000000    0.0055977445
       13.250000    0.0060408433
       13.500000    0.0065097351
       13.750000    0.0070054010
       14.000000    0.0075288404
       14.250000    0.0080810709
       14.500000    0.0086631284
       14.750000    0.0092760668
       15.000000    0.0099209584
       15.250000     0.010598894
       15.500000     0.011310981
       15.750000     0.012058347
       16.000000     0.012842136
       16.250000     0.013663512
       16.500000     0.014523656
       16.750000     0.015423766
       17.000000     0.016365061
       17.250000     0.017348774
       17.500000     0.018376160
       17.750000     0.019448490
       18.000000     0.020567054
       18.250000     0.021733158
       18.500000     0.022948129
       18.750000     0.024213309
       19.000000     0.025530060
       19.250000     0.026899760
       19.500000     0.028323808
       19.750000     0.029803617
       20.000000     0.031340620
       20.250000     0.032936267
       20.500000     0.034592025
       20.750000     0.036309381
       21.000000     0.038089837
       21.250000     0.039934911
       21.500000     0.041846142
       21.750000     0.043825083
       22.000000     0.045873304
       22.250000     0.047992392
       22.500000     0.050183948
       22.750000     0.052449591
       23.000000     0.054790954
       23.250000     0.057209682
       23.500000     0.059707435
       23.750000     0.062285885
       24.000000     0.064946715
       24.250000     0.067691615
       24.500000     0.070522284
       24.750000     0.073440425
       25.000000     0.076447744
       25.250000     0.079545943
       25.500000     0.082736720
       25.750000     0.086021761
       26.000000     0.089402735
       26.250000     0.092881286
       26.500000     0.096459025
       26.750000      0.10013752
       27.000000      0.10391828
       27.250000      0.10780275
       27.500000      0.11179228
       27.750000      0.11588812
       28.000000      0.12009137
       28.250000      0.12440300
       28.500000      0.12882376
       28.750000      0.13335418
       29.000000      0.13799454
       29.250000      0.14274479
       29.500000      0.14760449
       29.750000      0.15257282
       30.000000      0.15764843
       30.250000      0.16282943
       30.500000      0.16811331
       30.750000      0.17349685
       31.000000      0.17897605
       31.250000      0.18454611
       31.500000      0.19020133
       31.750000      0.19593507
       32.000000      0.20173976
       32.250000      0.20760691
       32.500000      0.21352712
       32.750000      0.21949022
       33.000000      0.22548535
       33.250000      0.23150117
       33.500000      0.23752604
       33.750000      0.24354832
       34.000000      0.24955662
       34.250000      0.25554009
       34.500000      0.26148872
       34.750000      0.26739355
       35.000000      0.27324695
       35.250000      0.27904273
       35.500000      0.28477625
       35.750000      0.29044443
       36.000000      0.29604572
       36.250000      0.30158001
       36.500000      0.30704846
       36.750000      0.31245333
       37.000000      0.31779781
       37.250000      0.32308579
       37.500000      0.32832167
       37.750000      0.33351021
       38.000000      0.33865635
       38.250000      0.34376508
       38.500000      0.34884132
       38.750000      0.35388987
       39.000000      0.35891530
       39.250000      0.36392193
       39.500000      0.36891382
       39.750000      0.37389468
       40.000000      0.37886797
       40.250000      0.38383680
       40.500000      0.38880401
       40.750000      0.39377213
       41.000000      0.39874345
       41.250000      0.40371998
       41.500000      0.40870351
       41.750000      0.41369559
       42.000000      0.41869759
       42.250000      0.42371068
       42.500000      0.42873585
       42.750000      0.43377396
       43.000000      0.43882569
       43.250000      0.44389161
       43.500000      0.44897217
       43.750000      0.45406769
       44.000000      0.45917840
       44.250000      0.46430443
       44.500000      0.46944582
       44.750000      0.47460253
       45.000000      0.47977443
       45.250000      0.48496133
       45.500000      0.49016297
       45.750000      0.49537902
       46.000000      0.50060907
       46.250000      0.50585269
       46.500000      0.51110935
       46.750000      0.51637849
       47.000000      0.52165949
       47.250000      0.52695166
       47.500000      0.53225429
       47.750000      0.53756658
       48.000000      0.54288771
       48.250000      0.54821680
       48.500000      0.55355292
       48.750000      0.55889509
       49.000000      0.56424228
       49.250000      0.56959344
       49.500000      0.57494744
       49.750000      0.58030312
       50.000000      0.58565927
       50.250000      0.59101466
       50.500000      0.59636798
       50.750000      0.60171791
       51.000000      0.60706309
       51.250000      0.61240211
       51.500000      0.61773352
       51.750000      0.62305587
       52.000000      0.62836764
       52.250000      0.63366730
       52.500000      0.63895330
       52.750000      0.64422407
       53.000000      0.64947800
       53.250000      0.65471348
       53.500000      0.65992889
       53.750000      0.66512260
       54.000000      0.67029297
       54.250000      0.67543837
       54.500000      0.68055717
       54.750000      0.68564774
       55.000000      0.69070847
       55.250000      0.69573778
       55.500000      0.70073410
       55.750000      0.70569588
       56.000000      0.71062163
       56.250000      0.71550986
       56.500000      0.72035915
       56.750000      0.72516812
       57.000000      0.72993541
       57.250000      0.73465976
       57.500000      0.73933994
       57.750000      0.74397477
       58.000000      0.74856316
       58.250000      0.75310406
       58.500000      0.75759652
       58.750000      0.76203962
       59.000000      0.76643254
       59.250000      0.77077453
       59.500000      0.77506490
       59.750000      0.77930305
       60.000000      0.78348844
       60.250000      0.78762062
       60.500000      0.79169920
       60.750000      0.79572385
       61.000000      0.79969435
       61.250000      0.80361051
       61.500000      0.80747223
       61.750000      0.81127946
       62.000000      0.81503221
       62.250000      0.81873057
       62.500000      0.82237467
       62.750000      0.82596469
       63.000000      0.82950087
       63.250000      0.83298349
       63.500000      0.83641288
       63.750000      0.83978941
       64.000000      0.84311347
       64.250000      0.84638550
       64.500000      0.84960598
       64.750000      0.85277539
       65.000000      0.85589426
       65.250000      0.85896312
       65.500000      0.86198252
       65.750000      0.86495305
       66.000000      0.86787529
       66.250000      0.87074983
       66.500000      0.87357728
       66.750000      0.87635825
       67.000000      0.87909335
       67.250000      0.88178320
       67.500000      0.88442840
       67.750000      0.88702958
       68.000000      0.88958735
       68.250000      0.89210232
       68.500000      0.89457507
       68.750000      0.89700622
       69.000000      0.89939635
       69.250000      0.90174604
       69.500000      0.90405585
       69.750000      0.90632636
       70.000000      0.90855812
       70.250000      0.91075166
       70.500000      0.91290753
       70.750000      0.91502624
       71.000000      0.91710830
       71.250000      0.91915422
       71.500000      0.92116448
       71.750000      0.92313957
       72.000000      0.92507996
       72.250000      0.92698609
       72.500000      0.92885843
       72.750000      0.93069741
       73.000000      0.93250346
       73.250000      0.93427701
       73.500000      0.93601845
       73.750000      0.93772820
       74.000000      0.93940665
       74.250000      0.94105418
       74.500000      0.94267117
       74.750000      0.94425800
       75.000000      0.94581502
       75.250000      0.94734259
       75.500000      0.94884107
       75.750000      0.95031079
       76.000000      0.95175211
       76.250000      0.95316534
       76.500000      0.95455082
       76.750000      0.95590886
       77.000000      0.95723980
       77.250000      0.95854395
       77.500000      0.95982161
       77.750000      0.96107309
       78.000000      0.96229870
       78.250000      0.96349873
       78.500000      0.96467349
       78.750000      0.96582326
       79.000000      0.96694835
       79.250000      0.96804903
       79.500000      0.96912560
       79.750000      0.97017834
       80.000000      0.97120753
       80.250000      0.97221346
       80.500000      0.97319640
       80.750000      0.97415664
       81.000000      0.97509444
       81.250000      0.97601008
       81.500000      0.97690384
       81.750000      0.97777598
       82.000000      0.97862678
       82.250000      0.97945651
       82.500000      0.98026543
       82.750000      0.98105381
       83.000000      0.98182192
       83.250000      0.98257002
       83.500000      0.98329837
       83.750000      0.98400724
       84.000000      0.98469688
       84.250000      0.98536755
       84.500000      0.98601952
       84.750000      0.98665304
       85.000000      0.98726837
       85.250000      0.98786575
       85.500000      0.98844545
       85.750000      0.98900771
       86.000000      0.98955279
       86.250000      0.99008093
       86.500000      0.99059238
       86.750000      0.99108739
       87.000000      0.99156620
       87.250000      0.99202905
       87.500000      0.99247618
       87.750000      0.99290784
       88.000000      0.99332426
       88.250000      0.99372567
       88.500000      0.99411232
       88.750000      0.99448442
       89.000000      0.99484222
       89.250000      0.99518593
       89.500000      0.99551579
       89.750000      0.99583203
       90.000000      0.99613485
       90.250000      0.99642448
       90.500000      0.99670114
       90.750000      0.99696505
       91.000000      0.99721642
       91.250000      0.99745545
       91.500000      0.99768236
       91.750000      0.99789736
       92.000000      0.99810064
       92.250000      0.99829241
       92.500000      0.99847287
       92.750000      0.99864222
       93.000000      0.99880065
       93.250000      0.99894835
       93.500000      0.99908552
       93.750000      0.99921233
       94.000000      0.99932899
       94.250000      0.99943565
       94.500000      0.99953252
       94.750000      0.99961976
       95.000000      0.99969755
       95.250000      0.99976607
       95.500000      0.99982547
       95.750000      0.99987594
       96.000000      0.99991762
       96.250000      0.99995070
       96.500000      0.99997532
       96.750000      0.99999164
       97.000000      0.99999982
       97.250000       1.0000000
       97.500000      0.99999234
       97.750000      0.99997698
       98.000000      0.99995407
       98.250000      0.99992374
       98.500000      0.99988614
       98.750000      0.99984139
       99.000000      0.99978963
       99.250000      0.99973098
       99.500000      0.99966557
       99.750000      0.99959353
       100.00000      0.99951496
       100.25000      0.99942999
       100.50000      0.99933871
       100.75000      0.99924125
       101.00000      0.99913769
       101.25000      0.99902813
       101.50000      0.99891266
       101.75000      0.99879138
       102.00000      0.99866434
       102.25000      0.99853164
       102.50000      0.99839332
       102.75000      0.99824945
       103.00000      0.99810007
       103.25000      0.99794521
       103.50000      0.99778491
       103.75000      0.99761917
       104.00000      0.99744799
       104.25000      0.99727135
       104.50000      0.99708921
       104.75000      0.99690152
       105.00000      0.99670821
       105.25000      0.99650915
       105.50000      0.99630423
       105.75000      0.99609327
       106.00000      0.99587607
       106.25000      0.99565238
       106.50000      0.99542193
       106.75000      0.99518435
       107.00000      0.99493925
       107.25000      0.99468616
       107.50000      0.99442453
       107.75000      0.99415372
       108.00000      0.99387300
       108.25000      0.99358153
       108.50000      0.99327834
       108.75000      0.99296233
       109.00000      0.99263222
       109.25000      0.99228657
       109.50000      0.99192373
       109.75000      0.99154183
       110.00000      0.99113874
       110.25000      0.99071204
       110.50000      0.99025900
       110.75000      0.98977651
       111.00000      0.98926107
       111.25000      0.98870874
       111.50000      0.98811504
       111.75000      0.98747499
       112.00000      0.98678293
       112.25000      0.98603255
       112.50000      0.98521678
       112.75000      0.98432770
       113.00000      0.98335651
       113.25000      0.98229340
       113.50000      0.98112748
       113.75000      0.97984673
       114.00000      0.97843786
       114.25000      0.97688632
       114.50000      0.97517614
       114.75000      0.97328997
       115.00000      0.97120899
       115.25000      0.96891293
       115.50000      0.96638013
       115.75000      0.96358755
       116.00000      0.96051096
       116.25000      0.95712509
       116.50000      0.95340387
       116.75000      0.94932078
       117.00000      0.94484925
       117.25000      0.93996309
       117.50000      0.93463710
       117.75000      0.92884766
       118.00000      0.92257336
       118.25000      0.91579575
       118.50000      0.90849998
       118.75000      0.90067546
       119.00000      0.89231646
       119.25000      0.88342257
       119.50000      0.87399906
       119.75000      0.86405702
       120.00000      0.85361337
       120.25000      0.84269062
       120.50000      0.83131653
       120.75000      0.81952350
       121.00000      0.80734792
       121.25000      0.79482931
       121.50000      0.78200952
       121.75000      0.76893185
       122.00000      0.75564015
       122.25000      0.74217808
       122.50000      0.72858835
       122.75000      0.71491216
       123.00000      0.70118863
       123.25000      0.68745450
       123.50000      0.67374380
       123.75000      0.66008767
       124.00000      0.64651432
       124.25000      0.63304900
       124.50000      0.61971407
       124.75000      0.60652908
       125.00000      0.59351097
       125.25000      0.58067416
       125.50000      0.56803082
       125.75000      0.55559099
       126.00000      0.54336282
       126.25000      0.53135275
       126.50000      0.51956567
       126.75000      0.50800511
       127.00000      0.49667342
       127.25000      0.48557188
       127.50000      0.47470086
       127.75000      0.46405993
       128.00000      0.45364798
       128.25000      0.44346334
       128.50000      0.43350381
       128.75000      0.42376680
       129.00000      0.41424937
       129.25000      0.40494830
       129.50000      0.39586012
       129.75000      0.38698119
       130.00000      0.37830771
       130.25000      0.36983580
       130.50000      0.36156147
       130.75000      0.35348068
       131.00000      0.34558938
       131.25000      0.33788349
       131.50000      0.33035894
       131.75000      0.32301167
       132.00000      0.31583765
       132.25000      0.30883291
       132.50000      0.30199349
       132.75000      0.29531552
       133.00000      0.28879517
       133.25000      0.28242868
       133.50000      0.27621234
       133.75000      0.27014254
       134.00000      0.26421571
       134.25000      0.25842838
       134.50000      0.25277713
       134.75000      0.24725864
       135.00000      0.24186964
       135.25000      0.23660694
       135.50000      0.23146745
       135.75000      0.22644811
       136.00000      0.22154597
       136.25000      0.21675814
       136.50000      0.21208178
       136.75000      0.20751415
       137.00000      0.20305257
       137.25000      0.19869441
       137.50000      0.19443713
       137.75000      0.19027824
       138.00000      0.18621531
       138.25000      0.18224599
       138.50000      0.17836797
       138.75000      0.17457900
       139.00000      0.17087691
       139.25000      0.16725956
       139.50000      0.16372487
       139.75000      0.16027084
       140.00000      0.15689547
       140.25000      0.15359687
       140.50000      0.15037315
       140.75000      0.14722250
       141.00000      0.14414315
       141.25000      0.14113335
       141.50000      0.13819143
       141.75000      0.13531575
       142.00000      0.13250470
       142.25000      0.12975673
       142.50000      0.12707032
       142.75000      0.12444399
       143.00000      0.12187630
       143.25000      0.11936585
       143.50000      0.11691126
       143.75000      0.11451120
       144.00000      0.11216436
       144.25000      0.10986950
       144.50000      0.10762536
       144.75000      0.10543074
       145.00000      0.10328447
       145.25000      0.10118541
       145.50000     0.099132448
       145.75000     0.097124486
       146.00000     0.095160470
       146.25000     0.093239368
       146.50000     0.091360171
       146.75000     0.089521899
       147.00000     0.087723595
       147.25000     0.085964325
       147.50000     0.084243179
       147.75000     0.082559270
       148.00000     0.080911732
       148.25000     0.079299723
       148.50000     0.077722419
       148.75000     0.076179017
       149.00000     0.074668735
       149.25000     0.073190810
       149.50000     0.071744496
       149.75000     0.070329068
       150.00000     0.068943817
       150.25000     0.067588053
       150.50000     0.066261100
       150.75000     0.064962301
       151.00000     0.063691015
       151.25000     0.062446615
       151.50000     0.061228490
       151.75000     0.060036046
       152.00000     0.058868699
       152.25000     0.057725883
       152.50000     0.056607043
       152.75000     0.055511640
       153.00000     0.054439146
       153.25000     0.053389047
       153.50000     0.052360839
       153.75000     0.051354033
       154.00000     0.050368149
       154.25000     0.049402722
       154.50000     0.048457295
       154.75000     0.047531422
       155.00000     0.046624670
       155.25000     0.045736614
       155.50000     0.044866839
       155.75000     0.044014943
       156.00000     0.043180528
       156.25000     0.042363212
       156.50000     0.041562616
       156.75000     0.040778373
       157.00000     0.040010125
       157.25000     0.039257521
       157.50000     0.038520218
       157.75000     0.037797883
       158.00000     0.037090189
       158.25000     0.036396817
       158.50000     0.035717455
       158.75000     0.035051801
       159.00000     0.034399555
       159.25000     0.033760429
       159.50000     0.033134138
       159.75000     0.032520406
       160.00000     0.031918962
       160.25000     0.031329541
       160.50000     0.030751886
       160.75000     0.030185744
       161.00000     0.029630868
       161.25000     0.029087018
       161.50000     0.028553959
       161.75000     0.028031459
       162.00000     0.027519294
       162.25000     0.027017246
       162.50000     0.026525098
       162.75000     0.026042641
       163.00000     0.025569670
       163.25000     0.025105985
       163.50000     0.024651390
       163.75000     0.024205693
       164.00000     0.023768707
       164.25000     0.023340249
       164.50000     0.022920141
       164.75000     0.022508207
       165.00000     0.022104276
       165.25000     0.021708182
       165.50000     0.021319761
       165.75000     0.020938854
       166.00000     0.020565303
       166.25000     0.020198957
       166.50000     0.019839666
       166.75000     0.019487284
       167.00000     0.019141668
       167.25000     0.018802680
       167.50000     0.018470181
       167.75000     0.018144039
       168.00000     0.017824123
       168.25000     0.017510305
       168.50000     0.017202460
       168.75000     0.016900467
       169.00000     0.016604205
       169.25000     0.016313558
       169.50000     0.016028412
       169.75000     0.015748654
       170.00000     0.015474175
       170.25000     0.015204868
       170.50000     0.014940628
       170.75000     0.014681353
       171.00000     0.014426943
       171.25000     0.014177299
       171.50000     0.013932325
       171.75000     0.013691928
       172.00000     0.013456016
       172.25000     0.013224499
       172.50000     0.012997288
       172.75000     0.012774298
       173.00000     0.012555445
       173.25000     0.012340645
       173.50000     0.012129818
       173.75000     0.011922886
       174.00000     0.011719771
       174.25000     0.011520397
       174.50000     0.011324690
       174.75000     0.011132578
       175.00000     0.010943990
       175.25000     0.010758855
       175.50000     0.010577107
       175.75000     0.010398679
       176.00000     0.010223505
       176.25000     0.010051522
       176.50000    0.0098826676
       176.75000    0.0097168799
       177.00000    0.0095540994
       177.25000    0.0093942674
       177.50000    0.0092373266
       177.75000    0.0090832208
       178.00000    0.0089318949
       178.25000    0.0087832950
       178.50000    0.0086373682
       178.75000    0.0084940631
       179.00000    0.0083533288
       179.25000    0.0082151159
       179.50000    0.0080793757
       179.75000    0.0079460608
       180.00000    0.0078151246
       180.25000    0.0076865213
       180.50000    0.0075602064
       180.75000    0.0074361361
       181.00000    0.0073142675
       181.25000    0.0071945586
       181.50000    0.0070769683
       181.75000    0.0069614562
       182.00000    0.0068479830
       182.25000    0.0067365098
       182.50000    0.0066269988
       182.75000    0.0065194129
       183.00000    0.0064137157
       183.25000    0.0063098716
       183.50000    0.0062078456
       183.75000    0.0061076035
       184.00000    0.0060091118
       184.25000    0.0059123377
       184.50000    0.0058172488
       184.75000    0.0057238138
       185.00000    0.0056320016
       185.25000    0.0055417820
       185.50000    0.0054531253
       185.75000    0.0053660024
       186.00000    0.0052803846
       186.25000    0.0051962442
       186.50000    0.0051135537
       186.75000    0.0050322861
       187.00000    0.0049524153
       187.25000    0.0048739154
       187.50000    0.0047967611
       187.75000    0.0047209276
       188.00000    0.0046463906
       188.25000    0.0045731262
       188.50000    0.0045011112
       188.75000    0.0044303226
       189.00000    0.0043607379
       189.25000    0.0042923352
       189.50000    0.0042250928
       189.75000    0.0041589897
       190.00000    0.0040940050
       190.25000    0.0040301184
       190.50000    0.0039673099
       190.75000    0.0039055601
       191.00000    0.0038448497
       191.25000    0.0037851599
       191.50000    0.0037264722
       191.75000    0.0036687686
       192.00000    0.0036120314
       192.25000    0.0035562431
       192.50000    0.0035013867
       192.75000    0.0034474454
       193.00000    0.0033944028
       193.25000    0.0033422429
       193.50000    0.0032909498
       193.75000    0.0032405080
       194.00000    0.0031909024
       194.25000    0.0031421181
       194.50000    0.0030941404
       194.75000    0.0030469550
       195.00000    0.0030005479
       195.25000    0.0029549052
       195.50000    0.0029100133
       195.75000    0.0028658591
       196.00000    0.0028224295
       196.25000    0.0027797117
       196.50000    0.0027376931
       196.75000    0.0026963615
       197.00000    0.0026557048
       197.25000    0.0026157111
       197.50000    0.0025763688
       197.75000    0.0025376665
       198.00000    0.0024995930
       198.25000    0.0024621373
       198.50000    0.0024252887
       198.75000    0.0023890365
       199.00000    0.0023533704
       199.25000    0.0023182802
       199.50000    0.0022837559
       199.75000    0.0022497877
       200.00000    0.0022163660
       200.25000    0.0021834812
       200.50000    0.0021511242
       200.75000    0.0021192858

